Matrix 3x3:
[[ 2 -3  1]
 [ 2  0 -1]
 [ 1  4  5]]

Determinant: 49.000000000000014
Cofactor Transposed:
[[  4. -11.   8.]
 [ 19.   9. -11.]
 [  3.   4.   6.]]
Transpose:
[[ 2  2  1]
 [-3  0  4]
 [ 1 -1  5]]
Inverse:
[[ 0.08163265  0.3877551   0.06122449]
 [-0.2244898   0.18367347  0.08163265]
 [ 0.16326531 -0.2244898   0.12244898]]

Matrix 4x4:
[[ 1  0  2 -1]
 [ 3  0  0  5]
 [ 2  1  4 -3]
 [ 1  0  5  0]]

Determinant: 30.000000000000004
Cofactor Transposed:
[[ 25. -75.  -5. -15.]
 [  5.   3.  -1.   3.]
 [  0.  30.   0.  -0.]
 [-10.   6.   8.   6.]]
Transpose:
[[ 1  3  2  1]
 [ 0  0  1  0]
 [ 2  0  4  5]
 [-1  5 -3  0]]
Inverse:
[[ 0.83333333  0.16666667  0.         -0.33333333]
 [-2.5         0.1         1.          0.2       ]
 [-0.16666667 -0.03333333  0.          0.26666667]
 [-0.5         0.1        -0.          0.2       ]]

Matrix 2x2:
[[4 7]
 [2 6]]

Determinant: 10.000000000000002
Cofactor Transposed:
[[ 6. -2.]
 [-7.  4.]]
Transpose:
[[4 2]
 [7 6]]
Inverse:
[[ 0.6 -0.7]
 [-0.2  0.4]]
